Mixture	Plasmablasts	Naive_CD4_T_cells	Cycling_TNK	Classical_monocytes	Platelets	Degranulating_neutrophils	Memory_CD4_T_cells	IL1R2+_immature_neutrophils	B_cells	Mast_cells/eosiniophils	Mature_neutrophils	HSPCs	Naive_CD8_T_cells	NK cells	CD8_T_cells	S100A8-9_hi_neutrophils	Eosinophils	PADI4+_immature_neutrophils	Non-classical_monocytes	MPO+_immature_neutrophils_or_progenitors	Cycling_neutrophil_progenitors	cDCs	pDCs	P-value	Correlation	RMSE
E07T1	0.00831199304053694	0.0116541640227308	0.0471822032631468	0.100528512709022	0.0592645728146404	0	0.00412464063358344	0.26637912888917	0.0129681217125201	0.0208184705134886	0	0.073339388254236	0	0.00720069442307458	0.0252249784894346	0.312662057702185	0.0387833332479635	0	0	0	0	0	0.011557740284267	0	0.981907129524556	0.257811641858255
E07T2	0.0106744361275376	0.0455170485551325	0.0444951525390016	0.121017833712901	0.0693402584496992	0.12765728504783	0.0122757992028361	0.0323293379227561	0.0314772402132488	0.0403550273891407	0	0.0574375540618913	0	0.0169970762143652	0.0172636992379022	0.288291158273293	0.042949017721464	0	0.0117023040663689	0.00536433831177802	0.00608479070421162	0	0.0187706422486421	0	0.976620683950942	0.328797168461099
E07T3	0.0106755882404032	0.0282090636126885	0.0478130837823735	0.110002372676863	0.0764523518072543	0.121859661664557	0.00677877574430256	0	0.0290013602414315	0.0448565977681768	0	0.0313902224933184	0	0.00923411874281222	0.0412552615924369	0.275408157243568	0.0363238318655514	0.0716964915036938	0.00348688434607432	0.0287224133803234	7.42097303631753e-05	0.0111654053381113	0.0155941482256961	0	0.977117157385871	0.27058922485105
E16T1	0.0216227199169917	0	0.0780883465508959	0.138231387423681	0.0426999796106084	0	0.0192930483973803	0.214465639614077	0.0178181002202323	0.0109951571678542	0	0.0343673124551717	0	0.00524190874678903	0.0157049160851993	0.331742618370873	0.0309006290916797	0.024345445897053	0	0.00164933315611603	0	0	0.0128334572953982	0	0.96810115640375	0.297115751372277
E16T2	0.0144682092551376	0.0155102144628415	0.00298511434917402	0.149572921353024	0.0126339003697539	0	0.0210397585383658	0.0819300815747106	0.0152914349035127	0.0154885964200606	0	0.0415564947321937	0	0.0140460128907654	0.0156813138613225	0.375339705606291	0.0343994472946849	0	0.0581084228122541	0.0107304993357373	0.105523915822571	0	0.0156939564176004	0	0.986794264506655	0.164665008245767
E16T3	0.0148844727546709	0.0189271077685666	0.0349689601470985	0.221287544899069	0.0247392179272697	0.140022863289196	0.0235498408401005	0	0.0246316134282032	0.0180064923504609	0	0.0304867800486485	0	0.0215006210211935	0.0303693586587543	0.174871428664729	0.0648291732551618	0.0207319368827311	0.0422014493474331	0.0115018298709084	0.0499913528618841	0.0187144750073165	0.0137834809766038	0	0.968824142184247	0.414409246951022
E17T1	0.060393423029121	0.0148216335351289	0.103394509732894	0.106390970033841	0.0883423993843281	0	0.0265301981877043	0.0888294653788313	0.0285213872139604	0.00450801476422187	0	0.0499690389208262	0.0158418939254427	0.00488543647352284	0.000649871462531748	0.191419984076264	0.0430438989535812	0.0560721257610227	0.0293429157396098	0.0497952155172948	0.0249859428202166	0	0.0122616750896562	0	0.958960110229842	0.333860676216355
E17T2	0.140962571679309	0.029401075904836	0.0745936836033384	0.121031341295942	0.0371834932510545	0.0796642558111323	0.0214057458786939	0	0.00945646592596681	0.0255905737012422	0	0.031544392558452	0	0.00565256025632094	0	0.178180834224863	0.079978440488757	0.0956488086319957	0.0160200395119946	0.0386770882578082	0	0	0.0150086290182943	0	0.866725086169213	0.530378158597344
E17T3	0.0294487865045267	0.0316787298746619	0.0495458965351794	0.121311296009062	0.016484564394774	0.159061116402662	0.00798144913969785	0	0.014932837715794	0.0180561749336494	0.0447655437305863	0.0312030349628967	0.0100690916632984	0.0194919126272708	0.0072963370517023	0.257585774783685	0.0507143067657314	0.0204076974949382	0.0184565413255789	0.0311223133939558	0.0420802972896572	0.0122232112895724	0.00608308611111999	0	0.91900486608504	0.417957026963606
E32T1	0.0159080220108941	0.0259502069670708	0.0280124212694367	0.136092820168319	0.0576190013511423	0.100325427642684	0.0332526613164359	0	0.0160893016536442	0.0358697189950258	0.0748924595955179	0.0319513905664417	0	0.0328120031185881	0.0229102057940188	0.14074630550745	0.0802098355173488	0.0821722843201583	0.0211665055453024	0.00131199249685257	0.0388357859743507	0	0.0238716501893186	0	0.954219987551306	0.408410222804647
E32T2	0.0145710292827532	0.0306867907726199	0.062008433430773	0.193997377429242	0.0499330412608533	0	0.020451790728986	0	0.0191641283227899	0.0236071559667314	0.0980498885687205	0.0333278333956656	0.0223782774766836	0.022028608244231	0.0535816045508199	0.0851912579552025	0.0809504045075117	0.0661914194765	0	0.0502997384180153	0.0300655985412497	0.0397799151980671	0.00373570647258436	0	0.900482446244807	0.571286546216378
E32T3	0.00554763559684752	0.00532920304254062	0.0150693424473128	0.143887536277069	0.0505551503957078	0.0603760775953055	0.102749033213879	0	0.0115660568352001	0.039993455337802	0.087473229520352	0.00366415400210693	0.0297407770328827	0.0631516636544075	0.0766503422124035	0.0244023396365995	0.0804439548099868	0.0653059892926085	0	0.0228880339784042	0.0555099721032331	0.0473490372165486	0.00834701579880217	0	0.607498753019677	0.803879821324924
E40T1	0.0232399001768276	0	0.0366766040051006	0.107373890724099	0.0692797516946203	0	0.0158248625198857	0.459823274791076	0.0176719045648447	0.0199371681954072	0.0194347429151937	0.0271915819410958	0	0.00596629667855627	0.025302528556568	0.0864384508856135	0.0691433570948849	0	0.00383907558338755	0	0	0	0.0128566096728392	0	0.972538534400926	0.417443057425514
E40T2	0.00778251840856039	0.0121873465094829	0.0178549648400051	0.155657835143202	0.0484004352038957	0.0187575313229756	0.0126047673915666	0.0164474937461982	0.019512844596897	0.0218064436479259	0	0.0621638928532171	0	0.0369565909541246	0.0196571803881474	0.3776548005986	0.0645535116551568	0	0.037793970382465	0.00471141052600301	0.0535140072790614	0	0.0119824545525147	0	0.966121632983476	0.320646231870574
E40T3	0.0799722594303143	0.0330972998670755	0.0665452654194276	0.0804275742969965	0.0876165794243149	0.128341175536387	0.0210604284506176	0	0.0190862938512057	0.0232357548275977	0.0535511795404809	0.0318313925216378	0.0241941307337518	0.0242697871700722	0.030628308643341	0.162910473133206	0.0492723982165045	0.0201077867773384	0.00901437759089129	0	0.0398361843110258	0	0.0150013502578135	0	0.969627211545834	0.465638293839144
E41T1	0.00985466676741134	0	0.027869015914268	0.0866385940711217	0.0866093234317432	0.0918584129528925	0.029860780975245	0.172379935246833	0.021471105781112	0.0560074339596239	0	0.0359807700342388	0.00221647829333419	0.0244905991474308	0.0174983025817061	0.205520447393075	0.057194977523879	0	0.0227387617234691	0.000688122597224757	0.0360716224558473	0	0.0150506491495451	0	0.963179146636763	0.273247829342372
E41T2	0.00934734148038051	0.0106965226378491	0.00478696990737148	0.140635483574165	0.0386507835648984	0.178249878693494	0.0150593052623222	0.106476004415703	0.0446360027735398	0.0576744792647839	0	0.0620153367533786	0	0.0208569629412084	0.0300496794695133	0.131805416845003	0.0380196916584435	0	0.0124146651280483	0.00881537980705427	0.0725624294744106	0	0.0172476663484331	0	0.970340041214003	0.287681654088553
E41T3	0.0263785241920381	0.0311322678156454	0.0451570142244902	0.166067835616435	0.0186590949655453	0.160621862467795	0.0450051601115084	0.0121416629192882	0.0648367026968602	0.0349078126813264	0	0.0590964203678141	0	0.0204458243884288	0.00727251921392637	0.17828607589186	0.0466774353103064	0	0.0358438392727555	0.0250750616343978	0	0	0.0223948862295794	0	0.936379494646376	0.505940285028816
G01T1	0.011689578076537	0.0311706515019096	0.0175191466988285	0.0283036051565272	0.0524888060528522	0	0.0580977837093714	0.225176313107076	0.0344970501946906	0.0335331812796794	0	0.0274377000734389	0	0.0159219652955317	0.0349537545974996	0.281583296667145	0.0505122329578696	0	0.00844632676468531	0.00103528926924049	0.076666532188334	0	0.0109667864087836	0	0.976301566611547	0.250595007495787
G01T2	0.00464022791055565	0	0	0.129621453865012	0.0467229748385543	0.324867775239268	0.0865394233535757	0.0396850503935369	0.027276051164928	0.0528916091198476	0	0.0417818302908979	0.00714903985104776	0.00757613731638432	0.0461758028044942	0.0483241924260394	0.0634343089989229	0	0.0102722372348634	0.00354064282928514	0.0387317233926316	0	0.0207695189701558	0	0.954937179969157	0.429664290056736
G01T3	0.0400696503014475	0.0354730777770151	0.0286103508522441	0.179435542350514	0.0631781941925526	0.174432862525508	0.101420372503429	0	0.0466365674800236	0.0249538031288186	0.0547345127039402	0.0280564296670722	0.00286840460096035	0.00730197816843818	0.0579119120010638	0	0.052904487682163	0.00845224760339146	0.00367020021543639	0	0.0320874150769949	0.0409476756198433	0.0168543155491445	0	0.954594655323941	0.64681614941699
G07T1	0.00677100254506841	0.0113976107458918	0.0647486151774905	0.155837740789137	0.0939500082034884	0.0107647896541264	0.0490082980514231	0.20995247561107	0.0691262218234845	0.0152265629813622	0	0.0399678203419579	0	0.0151797615023914	0.017935444477634	0.188075859206817	0.0348256700991997	0	0	0.00223649641872081	0	0	0.0149956223707371	0	0.982240808984889	0.221148384440703
G07T2	0.0120507528107767	0.0287461743458415	0.0513038371318542	0.167828237937363	0.0785085297410166	0.0671739027187089	0.0412016910110061	0.00320130107285422	0.0974662085746048	0.00429056008074559	0	0.0677016200114875	0.000401029191029406	0.0248537770531597	0.0586348868489228	0.137119275016521	0.030462235775197	0.0222631057302926	0	0.0461109267633878	0.0376598312416343	0.0176827328193815	0.00533938412421556	0	0.977684812940208	0.498426736663771
G07T3	0.00874683601837185	0.0399688648466673	0.0439228143096129	0.110477066867772	0.0961992183238202	0.0778441235156086	0.0566395396061466	0	0.0903391412329482	0.00499402077907357	0	0.068578019713092	0	0.0253678243926282	0.0748571396219487	0.103574907125905	0.0241812518377317	0.0350935458987555	0	0.0410703873981855	0.0458519454897833	0.0507567875683113	0.00153656545363755	0	0.965504236266825	0.530441114982741
G11T1	0.0155513962911151	0.00464496071892993	0.0516294818626655	0.142762457853505	0.0562190351988451	0	0.0355618372287867	0.20117718361017	0.0271363152901521	0.00323689652267584	0	0.0650063574390439	0	0.0220842697817886	0.00284202019626397	0.266306969762819	0.0189942539679343	0	0.0271042868842859	0.00560923451822885	0.0421301283325042	0	0.0120029145402856	0	0.982418212127501	0.189540741274018
G11T2	0.0751673881175917	0.016316380028794	0.0810530726444396	0.122001482427177	0.0517050270199043	0	0.036878994170872	0	0.0576219257296942	0.0125366480340147	0	0.051827464162887	0	0.00941971216722722	0.00695796078895633	0.28593552083427	0.023061169211356	0.0785240176605006	0.0078037515180047	0.0502164141485909	0.0247200432921137	0	0.00825302804360688	0	0.989677671644956	0.265906112028568
G11T3	0.0335411010708123	0.0480555152678402	0.0471534934892584	0.142930643103446	0.0625509311465208	0.0477309345944995	0.0411523462374164	0	0.0442490781966128	0.0227073147542034	0.0207551225750853	0.0287175564520561	0.0102459132160409	0.0317376999871406	0.0302961897548173	0.0738554130898438	0.0458334534680232	0.151840087153251	0	0.0567722871348627	0.0429288155460469	0.00411095361438734	0.0128351501478352	0	0.939152500995085	0.395299271878413
G12T1	0.0120187174716214	0.0128517162569789	0.0395139004330071	0.0506663303661419	0.0639317585215238	0	0.00236517814013223	0.318931006117561	0.014625665692233	0.00821053146438107	0	0.0494777978805556	0	0.0202677339075067	0.00978678858129658	0.265804971793566	0.0217458994818614	0.00685225797443433	0	0.00139109948012643	0.0772540806607145	0	0.024304565776358	0	0.978313708038066	0.411201914448752
G12T2	0.0167291914593294	0.0125808359635378	0.00596162268318599	0.142204003838727	0.0368293005174909	0	0.0204674471806392	0.0815834392897237	0.014537058462524	0.00128155690034377	0	0.05000872392251	0	0.0112050686461869	0.0241071662601263	0.401367109049425	0.00550070490119443	0	0.00917182001581878	0.00970848097484955	0.145958769370455	0	0.0107977005639325	0	0.981621437891528	0.210684510691516
G12T3	0.00492435146533321	0.000711303115023781	0	0.286178843957228	0.0968141440829899	0.0559016616364765	0.0430174398477126	0	0.0236086361440701	0.0292268153901466	0	0.0184046124495558	0.00357547459183957	0.0377195494884283	0.0371786167922401	0.19572002367187	0.0274632368265099	0.00939368580212693	0	0.024650011304009	0.102377377212057	0	0.00313421622238215	0	0.988234342123651	0.354298313579608
G26T1	0.00500180178884964	0.00769294044932485	0.0198496565929609	0.054104479705425	0.0201159160029364	0	0.0149953522373354	0.124653036520913	0.0183893092322939	0	0	0.0327389118463826	0	0.0153876219653719	0.00788569435139402	0.516272586297175	0.0266832531367931	0	0.0383989605655208	0.0552839908750421	0.0326308797378063	0	0.00991560869447585	0	0.975697225535777	0.322959434305548
G26T2	0.0157129498772027	0.0154204362762687	0.049259776521185	0.0630937159917689	0.0102506740620635	0	0.0201521246736047	0	0.021711616609092	0.00841580176672681	0	0.0406112770144762	0	0.014362601290668	0.00115116054206821	0.367169936379211	0.041767135087807	0.160094329570087	0.0190899114955058	0.138128422415052	0	0	0.0136081304272115	0	0.976554740229631	0.2676648854446
G26T3	0.0176598269681065	0.00857394683153679	0.068342503035169	0.0850646492618647	0.0135968004477061	0	0.0193375754492292	0	0.0189629615553515	0.0194591709325605	0.0252068980475241	0.0467124664480579	0.0039726860799626	0.0225549081544296	0.018173800474853	0.195322896931758	0.0656239484444871	0.170477151887702	0.00887003488247136	0.157885580335031	0.013050182241808	0	0.0211520115903909	0	0.969141594490032	0.247166693185791
G28T1	0.00429329636655881	0.0323815059563915	0.0466274969395084	0.149492051296632	0.140839626609757	0.0347398383915439	0	0.0719392005267697	0.0346355848217703	0.0438974158010014	0	0.0337264530764198	0.0144951932284902	0.0147286731078844	0.0283921198570333	0.146731970016331	0.084239217579386	0.00595937368986704	0.0479969480327302	0	0.0458925290541843	0	0.0189915056477415	0	0.970773561129381	0.449067783905009
G28T2	0.023867616985882	0.0168254588905485	0.0753640636632472	0.136339403629705	0.108782531974346	0	0.0139753876775354	0	0.0303520805154992	0.0204895993603869	0.00846445610619016	0.0437818958276048	0.0104333235911977	0.0200556160644106	0.0346908267516191	0.294828875095509	0.0333444252824114	0.0443800717539848	0.0334858405552641	0.0193389928499331	0.0218584811930622	0	0.00934105223166237	0	0.977276095165724	0.365122508067567
G28T3	0.128492983355403	0.0395297708743187	0.0780775239258416	0.119547889536862	0.118014522140477	0	0.0598831366875257	0	0.0209194109612848	0.0168568597762599	0.0495532673743301	0.0320628460558543	0	0.0208701305024878	0.0656527342344885	0.0738656931947956	0.0404139388206081	0.0443894835558246	0.0389504380346633	0.0149507781095165	0.0188161198619713	0	0.0191524729974877	0	0.929992778323739	0.671433908017272
G29T1	0.00644837955471763	0.0212976247818988	0.0195404222035968	0.116967987468018	0.00267556579415342	0	0	0.181186692100784	0.0135597230557162	0.0112141139493216	0.00676152071830288	0.0289431347248242	0.000671509045957933	0	0.000980003221362478	0.431721214504425	0.0457268812709916	0	0.0530172266837141	0.00113516817140577	0.0383466077623564	0	0.0198062249884532	0	0.978175827126015	0.293206483335034
G29T2	0.00816109429603449	0.00965586696813288	0	0.193021344060227	0.00273735088868307	0	0.0419211537642272	0.0331868371848906	0.0314563100194826	0.0140790674146841	0.0274779525940508	0.0248893015514113	0	0.0310842307224225	0.0144899804373822	0.35131637457795	0.0665850116697682	0.00183931282234753	0.0299872134673538	0	0.111344880021593	0	0.00676671753935798	0	0.986169859316434	0.216511791615429
G29T3	0.026283401115029	0.0295255994999741	0.00204578291289138	0.191024594206525	0.00566314143403498	0.14370078952746	0.0550435911182705	0	0.0333840001405186	0.0117064051000788	0.121382718475202	0.0195168642598829	0	0.0323396847802988	0.0371256027203718	0.10369769181723	0.0871017786977807	0.0104465502301847	0.00822980747506529	0.00673896553289559	0.0396235391022684	0.0354194918540369	0	0	0.974184753091664	0.48192985533712
G33T1	0.000544773328913905	0.042479978206345	0.0370826962012692	0.140699153697519	0.126110989755694	0.163650360332515	0.0570434538172456	0.00305509179013599	0.0398069673289364	0.0335780188915903	0.0287235418139395	0.0310101171176449	0.0031174530623875	0.0186147969808935	0.0259455093914858	0.102173242884822	0.0691221492349035	0.00127006382756076	0.0333709599035135	0.00239426003008419	0.0218374124715351	0	0.0183690099310648	0	0.95127043231919	0.560865127658009
G33T2	0.00857759622207921	0.0572607344114495	0.0818855880809657	0.15672529836542	0.0884892467771177	0	0.0420728487007493	0	0.0444028850816136	0.0026630578201981	0	0.0501193727296293	0.0128406860432943	0.0151242460707978	0.00675104442819312	0.275968963333662	0.0179687451036863	0.0253921255281549	0	0.0531746228346728	0.0278415064090544	0.0327414320592622	0	0	0.972879197664282	0.395411473770092
G33T3	0.0080851001511693	0.0235493865410774	0.0196443396391445	0.162533884901874	0.0972996143930221	0.153296400892921	0.0378988788940802	0	0.0292273097242114	0.0364208631848977	0.0535554385202528	0.0220947884698105	0	0.0359231652200185	0.046731533305696	0.0540223074634584	0.047875317657982	0.0265423076435639	0	0.022682124431618	0.0666910900970802	0.0433076844766553	0.012618464391467	0	0.94776687065669	0.512655967369012
G35T1	0.000627533627289701	0.00374824019419908	0.0313789308461163	0.0837081863833914	0.0892471795048072	0	0.0178925004167673	0.132403324728587	0.0170692038066322	0.0265740632277395	0	0.0555012564366642	0.00898524175167502	0.0297874027641507	0.0143283981442168	0.351596643990601	0.0558857461561658	0	0.0124165764449119	0.00102261715738197	0.0576865672000623	0	0.0101403872186407	0	0.971160470671235	0.240081352113399
G35T2	0.000260371006412592	0.0299072988884919	0.0727441809414268	0.0836535109804635	0.0844232108098213	0.0314036657973004	0.0239859010602237	0.0245771552623573	0.0408165322707761	0.00708646349200778	0	0.0753118563164883	0.023197661042561	0.027641095525361	0.0111519394859008	0.33092040290235	0.0342146956201495	0.0190573092692666	0.0450941989434153	0.0117781725819277	0.0142710924888815	0	0.00850328531441693	0	0.973734838515	0.339939187351713
G35T3	0.0571381502446699	0.00929428510807837	0.0627688887589084	0.127517353913279	0.0573023743075991	0	0.0438751899064049	0	0.0122491722073148	0.0203116766929345	0	0.102455424479298	0	0.0158718873896361	0.0170462137004852	0.272559607697895	0.0301816575788319	0.0975054314534385	0.00186429191031671	0.0476797267603437	0.0106485278807009	0	0.0137301400098646	0	0.964619760633269	0.326105515747015
G42T1	0.0109223368226973	0.0117789690802724	0.0200973598375584	0.138188374485726	0.0642378411261657	0.0259686995836996	0.010951924859657	0.0537413123290795	0.0358803286818465	0.0169983960735614	0.0193150207938954	0.037168628573507	0.000480465684040305	0.0186717894193855	0.024933734813956	0.290776298844506	0.0551625539325348	0.00526975396765336	0.0605351225585048	0.00413591134654893	0.0808160621421671	0	0.0139691150430368	0	0.984412451467757	0.259811358985247
G42T2	0.00329462063923912	0.0109253667173331	0.0291620137450033	0.173482196343909	0.0751408016937519	0.0375366493062488	0.0191183478933974	0	0.0432658693084976	0.0044641768431849	0.0602121540546033	0.0455265990053703	0.0101100598966193	0.018767532251347	0.0235746488474485	0.261307422669121	0.0573139447785744	0.0232940577246985	0.0223014450517217	0.0135398457193099	0.0624484062060609	0.000166496531200751	0.00504734477335963	0	0.971000721618696	0.360404904826167
G42T3	0.0112569108479099	0.0407776024866289	0.0256381706222579	0.190243573596597	0.0441162956107215	0.046695508811236	0.0268359716367625	0	0.0241683804273062	0.0255949580116176	0.0362381418670709	0.0524666039189145	0.012216539596829	0.0272904902396913	0.0432295073847947	0.102216286130867	0.0471331037676466	0.0477530641640225	0	0.0592067195078882	0.083582026135629	0.0425867270781265	0.0107534181574819	0	0.908102499887518	0.515145952426214
G43T1	0.00714723956745198	0	0.024104803954635	0.074287602176712	0.0648214199302727	0	0.0232384077228157	0.235401199603229	0.0268190486159318	0.00109701020185588	0	0.0526043406796556	0	0	0.0169842596549207	0.397410975083457	0.0233249459875997	0	0.00490014260143197	0.00234097986252201	0.038141102955789	0	0.00737652140172044	0	0.982772959194058	0.331587839669374
G43T2	0.00826671881190841	0.00121402552305488	0.0229657757869715	0.119911871836322	0.0603778632199517	0	0.0252583701944879	0.0503760260065603	0.0149207734199056	0.00965813655454196	0	0.0410086555916617	0.000468710669013924	0.017629174585691	0.0248834414746229	0.448512281509274	0.0470205120819683	0.00349774401636678	0.00674630567949868	0.0282023911078077	0.0638010687495082	0	0.00528015318088242	0	0.98357178662474	0.182905641317425
G43T3	0.0190484801263058	0.0109319668096685	0.0254948316976205	0.113054381958987	0.0665341670621196	0.0134919225341248	0.0416060215663124	0	0.0109504682418224	0.00516745712657416	0	0.0455429656847997	0	0.0156206218197946	0.0271942790372907	0.358905284711617	0.0610601861551761	0.0866570373208495	0	0.0547235846517305	0.023746854904359	0	0.020269488590848	0	0.983623411637573	0.194915443622344
G44T1	0.00748992572822199	0.00827787236924618	0.0315561424618949	0.124063231917227	0.0767845680975342	0	0.021282726462508	0.162112886910581	0.0163585047933865	0.00500216875569867	0	0.0569117222903118	0.0107635356749611	0.0238156673305191	0.0119576444074398	0.342469144636526	0.0490486899548543	0	0	0	0.0417094016720765	0	0.010396166537013	0	0.977858668860937	0.214340756183364
G44T2	0.00965320051977579	0.053982777170902	0.0334806038634993	0.148147852334376	0.0637949266446885	0	0.0371275456436815	0	0.0359882575258721	0.0181654362493543	0.0328193192295204	0.0492737994423766	0.034058355771325	0.0279728854564019	0.0351482414440161	0.202397713202171	0.0542819245910519	0.0484999582908236	0	0.031765411818372	0.04473273436607	0.0387090564357224	0	0	0.954649617809318	0.458430825223413
G44T3	0.0843251450651065	0.0466069535786619	0.00934390351764237	0.0764018987276453	0.116393111941239	0.0847448150666737	0.0101935434686517	0	0.0140415052243725	0.0292901375373603	0.046862289804554	0.033776505261985	0.0103570310859637	0.0309735288314659	0.0450112784895976	0.11044474705581	0.0570331928467941	0.0606718708084556	0	0.03086059849397	0.0605506035863919	0.0302636694049203	0.0118536702027388	0	0.861536457263646	0.567871071302335
G45T1	0.0160353359509935	0.0210362744077316	0.0264853655401223	0.151817091057291	0.0466610842465499	0	0.0087677066279379	0.0914277214589094	0.0170654522268863	0.0133314160146984	0	0.0392962122860947	0.00958764558425573	0.0111934175679462	0.0062214831459928	0.414744593208005	0.0462600640601642	0.00203787266225038	0.0166924018960466	0	0.0506193618268882	0	0.0107195002312351	0	0.983582062402487	0.182722774058271
G45T2	0.0410084736345322	0.0281146789529478	0.0674448826423503	0.173681655755908	0.0435984928771165	0	0.00646848413725106	0	0.0291396296645383	0.00754551388548593	0.00188670184510033	0.0435786716329494	0.023180059660763	0.0137030286180753	0.00632355558373589	0.284199614948076	0.0280306954576092	0.0872659820541272	0.000584690294535083	0.0582943006440569	0.0470633231101141	0	0.00888756460072818	0	0.966786207827827	0.285298979839092
G45T3	0.00759443341139616	0.0364786271326796	0.0789710333002413	0.14301294840652	0.0580187205438973	0	0.0370765006961209	0	0.0289888853290121	0.00726184398536061	0.0191666026631025	0.0492636836876915	0	0.0383272201598122	0.019763763605284	0.182925725244429	0.0405498787663744	0.144805921247721	0.00274172519004477	0.0871935212579301	0	0	0.0178589653723826	0	0.963993097379806	0.3092930310857
G47T1	0.00619363615923897	0.00470348769902804	0.0300430739382613	0.0738719487282372	0.0319625600096907	0	0.0125662563197215	0.162528064987773	0.0160688682967458	0.00423509925744422	0	0.0417434779598142	0	0.00519961881168932	0.0121814134360375	0.445804548906773	0.0404489677295087	0	0.0478454317098153	0.0174658926822651	0.0337261325651285	0	0.0134115208028276	0	0.979912781505584	0.27081234505734
G47T2	0.0404970194603837	0.0198184595167732	0.0490598720629681	0.147110114910383	0.0420065725402664	0	0.0052578951166268	0.0619050428274915	0.022876443030425	0.00569911890532676	0.012885642617228	0.0415381979892148	0.0051303617751578	0.00996390102629363	0.0123259999541582	0.320421322249419	0.046301718972081	0.0419071349869114	0.0238746502573759	0.0291653377975616	0.0530022943103732	0	0.00925289969358061	0	0.979530917595335	0.217072024189526
G47T3	0.0314696829672053	0.0179675877318618	0.0714778632511208	0.10687413269455	0.0642858525915449	0	0.0169527112811844	0	0.0245744446454625	0.00645732267190018	0.0134769288274931	0.0428092490702566	0.00451554818808104	0.0142768572027154	0.00563992349990495	0.339515561615474	0.0466305976982987	0.0904030072576694	0.0160472019107146	0.0657233619052658	0.00836364149933709	0	0.0125385234899595	0	0.976236435896345	0.240099143295311
G49T1	0.00846214513728324	0.00213573370474557	0.0708668751176267	0.15518780712827	0.0192410095909493	0	0.011588267203755	0.255127876603874	0.0168772658981931	0	0	0.0407779680536929	0	0	0.00946225938319307	0.365132290519939	0.0230621554246652	0	0.00876208362784422	0.00102157530875821	0	0	0.0122946872972108	0	0.979742499515816	0.309830294985288
G49T2	0.00436261898020822	0.050139972236691	0.0500916806210093	0.146889262226678	0.0366761175332798	0	0.0563786231041309	0.0341308862196462	0.028752569988359	0.00353671913466953	0	0.0550394320783242	0.0312095064979442	0.0157888617190758	0.0410772213816449	0.347644775286542	0.0201196006448812	0.000554082772589526	0.0221532837154104	0.000919167356606446	0.0416351312072053	0	0.0129004872951041	0	0.983635828745101	0.315884745685262
G49T3	0.00816958186340858	0.049626861394779	0.0567277154246407	0.185474485522119	0.0799795874769826	0.00552537373429954	0.0537349739273285	0	0.0277275897877576	0.0098929871470363	0	0.0545955698977634	0.0159346058567267	0.0147215838174673	0.0329770749639415	0.307437816472097	0.0171727047904103	0.0109985463971946	0.00337781176185937	0.0044969368927912	0.0471436594663284	0	0.0142845334050685	0	0.969911637584827	0.403049421717114
E25T1	0.00201174388943846	0.0491885751500367	0.0685740760311869	0.118257277327814	0.0988067556481699	0.0703883867082228	0.0293705793014503	0.00202485707670278	0.0178192181590847	0.0395589271720916	0	0.0873778549872399	0.0186187264118601	0.00488261093551828	0.0226632181944813	0.241499237558092	0.0534370961348142	0.00835698490332104	0.0390251140701928	0.00379426499416638	0.00512812165135299	0	0.0192163736947619	0	0.776674723148976	0.669367068484234
E25T2	0	0.0235760597496209	0.0581484607943928	0.141609712704711	0.0569358769718803	0.140511932227716	0.0170432711631429	0	0.00614438533202611	0.0520343483762418	0	0.0571522114261849	0.0117576209087981	0.0105966935370054	0.00759926063486016	0.227991877692852	0.117310683750092	0.000321584354585033	0.00946080423974175	0	0.0342106427582402	0	0.0275945733779088	0	0.618205604395537	0.786074509492302
E25T3	0	0.0218618999421081	0.085729299666708	0.167985545332322	0.0273622929675442	0.0914299936667128	0.0379115274450777	0	0.0156031475487404	0.0192887939378661	0.036343512452698	0.0657464277727475	0.0538018921528439	0.0168981866476435	0.0459553482506975	0.139061250761762	0.0791286837932796	0.0302208609599314	0.0106597246225908	0	0.0319298572458617	0	0.0230817548328647	0	0.630320617362117	0.784851541839737
E31T1	0.0041425474542489	0.00304462787645665	0.0142505588658301	0.137603678189638	0.0522454962111325	0.0627753446324403	0.0423805860843535	0	0.0410900640625287	0.0529488158943497	0	0.0320335156804019	0.00864214466460333	0.0345740194873544	0.0293421565132112	0.395451733491401	0.0392253900474883	0.00305354594185115	0	0.000732439614647272	0.0388608150486978	0	0.00760252023936558	0	0.969908439641939	0.30092277988445
E31T2	0.00200807269993269	0.00276977794065331	0.0217850266499307	0.152394720520288	0.126656379189919	0.113538237130529	0.0814708706385808	0	0.0565569722176177	0.0338767102693098	0	0.01885807561962	0.00947782690536337	0.0407889975143006	0.0393055881727648	0.194410912726505	0.0532514322896966	0.00751102153210456	0	0.00202505543967959	0.0236581428857971	0.00438861472119882	0.0152675649362079	0	0.973079222978331	0.473937491349178
E31T3	0.0166809188832569	0.03115405880401	0.0526119684150401	0.183854509257489	0.116284177901721	0	0.0436210120701722	0.0308373343501823	0.0375098064208872	0.0118290072121082	0	0.0382259588713773	0.0263478926757585	0.0307998555073648	0.0182165241504397	0.222294741322348	0.0625230589397746	0.029463650638288	0.00179668656233543	0.00180333216604754	0.0288432853128761	0	0.0153022205385226	0	0.977042891852862	0.425903256245761
G03T1	0.00717131586878721	0.0467348904617684	0.0111322161031729	0.268694406013212	0.0462346012180715	0.208314559242087	0.00566904451279449	0	0.0119982675526708	0.048619201517523	0.0581515945436276	0.0189070613217256	0.0274490250158702	0.0254179195953339	0.0175045727452758	0	0.0356422160808485	0.00472326746933909	0	0.00185153694833776	0.0653309179792763	0.0787862835017823	0.0116671023084954	0	0.90828617840511	0.591840765428122
G03T2	0.00280048009445525	0.036768633724823	0.0388928181670712	0.192412559659466	0.0926596914649892	0.202313153873925	0.0301299165909503	0	0.0111542586836459	0.0222763866243018	0.0792156150033389	0.0353650814725061	0.0245061822843208	0.0284233597869859	0.0200611548692404	0	0.0432173651105794	0.00162109370837436	0	0.0200012774760883	0.0428798769013358	0.072098890577048	0.00320220392655517	0	0.900308123109868	0.619212616324902
G03T3	0.0477940684812538	0.0707118306758645	0.0437057691471918	0.172157142958281	0.0621857174113883	0.146709483162175	0.081019137873585	0	0.0163257342526271	0.0251303086373274	0.0545996005397394	0.0252704668517322	0.0181891180947422	0.0321050792585287	0.0210053217205955	0	0.0522390279381532	0.0112838103209236	0	0.00568629466858728	0.038059825694766	0.059603508355365	0.0162187539571732	0	0.793504454851536	0.74148864362171
G10T1	0.00623672567192864	0.0672328861221048	0.0204276800864225	0.234062378660163	0.0283693692924089	0.0930689169185586	0.105148419247218	0	0.0417418962284004	0.0249104650009003	0	0.0277741726122332	0.0508636160868357	0.0189311701224489	0.0781793882389936	0.106169452730084	0.0103080639281176	0.0143916698643473	0.00239848892370805	0	0.0402565105155933	0.0279973826169218	0.00153134713261163	0	0.96506142120602	0.578070815670839
G10T2	0.00655094393423043	0.0577845487061592	0.0227446016818495	0.228909109830518	0.0347102508513255	0.131141740292778	0.107755463438182	0	0.0418821615717993	0.0319798249655258	0.00124629601080817	0.0214490954569597	0.0724366628493178	0.0148651520853472	0.0593942945868081	0.0702289306809013	0.0285612597069658	0.00274571931261609	0.0309523129039593	0	0.0265290896999609	0	0.00813254143398775	0	0.978430784729392	0.620519356297499
G10T3	0.0116914172232157	0.0800972858035348	0.0367718662237675	0.136340778703905	0.0558817926058135	0.064589999509756	0.158230881817336	0	0.0459616011890154	0.014460106744391	0.0466159783753782	0.022923792639799	0.0728777130821525	0.023166834002787	0.0726353465739451	0.0229739718766715	0.0408175634337471	0.00986825905693453	0.0196276059512955	0	0.0169575832975021	0.0415848193797819	0.0059248025092705	0	0.941038480054502	0.759392730310831
G14T1	0.00124556152989437	0.0382610791323174	0.0252855582588127	0.144135549426436	0.0403431777682392	0.163468395894104	0.0558415160386861	0	0.0461494284332968	0.0318770677527517	0	0.0367223244143081	0	0.0418237043872017	0.0476123860255348	0.216735748909009	0.0190521654936124	0.00167625167354222	0.0085773578906838	0.00181291449073384	0.045769315587963	0.0254790283494264	0.00813146854344577	0	0.976796330619749	0.398497017784964
G14T2	0.00121360351156471	0.040816951869454	0.0381495851697799	0.199337745364806	0.0618147158264732	0.0911613996902396	0.0434693032775959	0	0.0380264989796077	0.0155470576545265	0	0.0422580282664667	0	0.0378853861531087	0.0600679278614127	0.241182337247099	0.0097972830993871	0.00276308398122531	0	0.00154486224996511	0.049794364552316	0.0161408366088988	0.00902902863607341	0	0.97695476849211	0.410741018225945
G14T3	0.0576588349358389	0.0217350035284052	0.0314273303905244	0.123098729392331	0.0868876110590649	0.0417077473610216	0.0362484231024284	0	0.0295835545913785	0.0217385389400748	0	0.0519099411959419	0	0.0353969398820773	0.0423013596566459	0.341456418225781	0.0103990432074895	0.00467563069898177	0	0.0226954123100532	0.0291728780436858	0.00482670724834924	0.00707989622992687	0	0.974827029327038	0.35057117087697
G16T1	0.0105123200408438	0.0412833547283014	0.0847379472808324	0.132710192246575	0.139198117758645	0.00734172313612115	0.0422848543658741	0	0.0266880629205355	0.0245967411171646	0	0.0579952407874102	0.00659801712193712	0.0113691648141361	0.0676444563277065	0.213506374822124	0.0120551745052481	0.0232324914795361	0.0294022235393179	0.0126385270097976	0.0245304234638051	0.0110893031707152	0.0205852893633734	0	0.915157103772706	0.566660247997589
G16T2	0.00521562028575722	0.0168919793450853	0.0462011699791483	0.117102571927496	0.0773047982004051	0.142817190694987	0.0120661757235696	0	0.0195904581964681	0.0236623520261972	0	0.0411975564167373	0.0102581422309713	0.0178375187154524	0.0462516432628597	0.25661590657561	0.0277319223207744	0.0159083430047728	0.0438313035438505	0.00586646348152397	0.0488600180047333	0.00553887543251489	0.0192499906310852	0	0.970154424718775	0.350025928481162
G16T3	0.0138317322555776	0	0.0744790135011696	0.146539010666115	0.091710882232697	0.0591579071580868	0.0345102080245893	0	0.0266518283311782	0.0133011108489593	0.0480039775372973	0.0499801844435072	0.0109162527598424	0.0157744735427752	0.0657152716301454	0.205572929157329	0.0226969744621872	0.00852493908063906	0.0509115977015424	0.0169961455061123	0.0245783810427878	0.000331907914168177	0.0198152722032937	0	0.94399896295213	0.512277691771114
G24T1	0.00839819942894457	0.0256257310990226	0	0.156060115482795	0.0175786638737593	0.276860137960008	0.0521820602878967	0	0.0114582857522255	0.0685158674722867	0.00332442019243956	0.0166401813933183	0	0.0234638869577421	0.0299163988841692	0.120322653821546	0.0420724551388376	0	0.0408093551999079	0.000648120442868911	0.078825238512448	0.00358905069278714	0.0237091774069973	0	0.953472803905991	0.418012438867944
G24T2	0.00348723136332029	0.0401977204186846	0.00555784759864124	0.179146726260426	0.0146463398134087	0.238720382712756	0.0773072756367014	0.00250632921783518	0.0267783596162281	0.042581743915115	0.0647873442974855	0.0186364321188094	0	0.0382417091487879	0.0337622219701831	0.0508503030549113	0.0781035189029759	0	0.0335885327241897	0	0.0278729925679064	0	0.0232269886616347	0	0.964557682620972	0.535116549107008
G24T3	0.112821326739282	0.0510640169785494	0.0300238354006081	0.154988254190684	0.0859753173748645	0.0468754544479799	0.127394724720623	0	0.0330589541765213	0.0236451457328259	0.0546964468518329	0	0	0.0260247719493965	0.0887648457174201	0	0.0405434784051829	0.0278281985088495	0.0481081439487729	0	0.015734250531978	0.0113091226949328	0.0211437116296971	0	0.874385072755713	0.776324720061491
G32T1	0.00454745441723842	0.0424678716180525	0.0580728987121203	0.228885724411092	0.0656021872321996	0.0954245810317754	0.032223889031304	0	0.0199513833736638	0.0222750356699036	0	0.0377968108635149	0.0157345161871415	0.0198209080327449	0.0661633278902541	0.124879098737856	0.0324864820146768	0.0043897603505242	0	0.0212418451753858	0.055024961243844	0.0511572798270586	0.00185398417964901	0	0.841113702649156	0.635374818870033
G32T2	0.00328609426251063	0.0463302674480843	0.0595574337028111	0.177736657089681	0.0574321945662338	0.0958435514527878	0.0203872341356586	0	0.00669733293135393	0.0148782418770893	0.0362531988825636	0.017785009201414	0	0.0929766326242804	0.17286850665128	0.0343811770096575	0.0685785814433409	0.004716024910623	0.00934203322269981	0	0.0467041902317394	0.0247506692436053	0.00949496911258574	0	0.741491031109445	0.781027574910274
G32T3	0.00636226304504782	0.0306069311465808	0.0938840321527765	0.188697991631534	0.0777244303451238	0.0500219309659914	0.0144185393978829	0	0.0271316325422438	0.00795765985209612	0	0.0603297881790795	0.0459801354020347	0.0249886814646547	0.0882569994600892	0.136575382087427	0.0376062551251958	0.00669954523202854	0	0.0413073303319477	0.0245103217757236	0.0369401498625418	0	0	0.862707011997515	0.65198122661246
G46T1	0.00513395278597443	0.0216758633094661	0.0273671132617395	0.104521014645373	0.10286063828933	0.181943927032088	0.0199147384464936	0	0.0264083560928633	0.0339021892810202	0.0226348659598891	0.0340432384730567	0	0.0185032277234437	0.0291177543708023	0.251339204799006	0.05318106806558	0.00741382848236499	0.0151711568306187	0.000210684011634303	0.0238178548548965	0.00988489875161901	0.0109544245327406	0	0.955003258888133	0.383965734189267
G46T2	0.00574878204878662	0.00561695645941937	0.0370082276620588	0.128415555656509	0.0691261719460036	0.0555050155362761	0.0225890331428889	0	0.0258756593793743	0.0123945842369412	0	0.0384000585860829	0.00771091116677422	0.0287437118535431	0.0274939989429972	0.46117089347996	0.0322911047455487	0.00289133554578728	0.0115270312564918	0.000224589271359536	0.0146289827324848	0	0.0126373963507126	0	0.977136229476603	0.246750385090921
G46T3	0.00239076742728893	0.0102553765826609	0.0354780426726252	0.112373078669392	0.128933040998972	0.0967807276291573	0.0250119028864023	0	0.0271107715669671	0.0289605477976305	0	0.0524888876769122	0	0.0248946732881968	0.0272915037121222	0.295728754821967	0.0452032605091313	0.0140920706878642	0.0209557720565509	0.00799765627423795	0.0256772963792128	0	0.0183758683627085	0	0.941833645108737	0.411744516797366
G48T1	0.0108262395335599	0.0258107394094568	0.0409547659625993	0.144592401188455	0.0986786292695275	0.0091283235316409	0.0331924319721923	0.0113248071154372	0.0450447378967301	0.0323696380297355	0	0.0574158722420609	0.0306035149946861	0.0168440644110533	0.0301530606895981	0.328418559979602	0.039719553485003	0.00059141551366444	0.00407785617976321	0.00966657364392997	0.0172656995912348	0	0.0133211153600697	0	0.93667063185682	0.455646453184744
G48T2	0.00127210414305027	0.00347975762218252	0.0663247769059871	0.144495125469328	0.0751059898920214	0	0.0796860473942746	0	0.0659276190035165	0.0171525749639038	0.00369979811112805	0.0673071539756604	0.0235602755037531	0	0.0807743441417683	0.267941012225926	0.0271378859334035	0.0349822324627469	0	0	0.0323584660871594	0	0.00879483616419032	0	0.837331201592007	0.595199724112555
G48T3	0.0190189199082539	0.0270805286665348	0.0493503619903577	0.148608345562159	0.0714310246586622	0.044811387188023	0.100169942547548	0	0.0462483559582458	0.0237262603185389	0.04184996456867	0.0502016270221494	0.00466351450989826	0.0272430381518028	0.0864537389784105	0.0962718094840842	0.0370298279676916	0.0426046421499436	0	0	0.0556487966546382	0.0130617246307447	0.014526189083643	0	0.683460757474811	0.761440780200351
G50T1	0.0192691188476872	0.00306413731190388	0.0344430483486811	0.132752556543446	0.0836965369299513	0.148806622889682	0.0614335961913293	0	0.0126382657867442	0.0449487609867213	0	0.0422943929363287	0	0.0259509516406682	0.0848066256653899	0.123009169252508	0.0605264088776203	0.00971361826578026	0.0127713677993415	0	0.0716303477995771	0	0.0282444739266399	0	0.722485468338694	0.714991177349186
G50T2	0.00726035929602212	0.0182175510704038	0.058166051473196	0.110756542637474	0.110259704301968	0	0.0544073296639033	0	0.0181456667847669	0.00554587796138464	0.0338688301955667	0.0498605614927288	0	0.0201915075796694	0.0809569093754687	0.27714545884271	0.041973379186926	0.00793878685925528	0.0150105447532117	0.000887668409768679	0.0701552482283835	0	0.0192520218871911	0	0.825253763905215	0.601497306033111
G50T3	0.204274794044772	0.0210420513089463	0.043913310852037	0.141038665325655	0.0968503393500047	0.0331202342625809	0.117847920073093	0	0.0104989474765434	0.0144732146685034	0.0248679130754057	0.0106654299698129	0	0.0380899031587437	0.109119359428018	0.0443127363728117	0.0193832244682862	0.0151567695741253	0	0	0.0369575193547852	0	0.018387667235875	0	0.825186216148435	0.774909629307193
