Mixture	Plasmablasts	Naive_CD4_T_cells	Cycling_TNK	Classical_monocytes	Platelets	Memory_CD4_T_cells	IL1R2_immature_neutrophils	B_cells	Mast_cells_eosiniophils	Mature_neutrophils	HSPCs	Naive_CD8_T_cells	NK cells	CD8_T_cells	S100A8-9_hi_neutrophils	Eosinophils	PADI4_immature_neutrophils	Non-classical_monocytes	MPO_immature_neutrophils_or_progenitors	Cycling_neutrophil_progenitors	cDCs	pDCs	P-value	Correlation	RMSE
E07T1	0.014703699382531	0.0296681107386593	0.0381024482267764	0.102304611098367	0.0613899543962641	0	0.296049035436154	0.011663624814853	0.0272605660171707	0	0.0525164390003951	0	0.0163399919620401	0.0173798139333532	0.258421509319724	0.0514828890648049	0	0.00303695167828983	0	0.0126725760301358	0	0.00700777890048217	0	0.978292537746378	0.324913919072251
E07T2	0.0201621690973712	0.0572632994746267	0.0532705684201743	0.118080206773281	0.0755795253747647	0.0250492469668703	0.0315076787547002	0.037014478392142	0.0522469980889747	0	0.0390400115894123	0	0.023317518210605	0	0.366101575464915	0.0486584356311512	0	0.0299779947116359	0.00503223661934982	0	0	0.0176980564300257	0	0.976675885571398	0.275273704122991
E07T3	0.00835426390011756	0.0525054974033097	0.0507369587080906	0.0948676611375432	0.0790079521251823	0.000936098999594664	0	0.0360592166705888	0.0598206326254429	0.0108595690880439	0.0244380712797811	0	0.0185838121137759	0.0370300813094077	0.339592174555592	0.045229250956919	0.0846362993476953	0.00543586811681273	0.0298797402510491	0	0.00543834776736076	0.016588503643693	0	0.970702085242689	0.24959498784128
E16T1	0.0212298093274461	0	0.10779882441776	0.148373413518807	0.0444977891081778	0.0299908096754868	0.294423087506853	0.016841599979542	0.00523415016140822	0	0.0452349214562873	0	0.000281196765407284	0.0144494007285935	0.216744862688917	0.0267054430711821	0.0148487260295828	0.00398400401829108	0.000941600779555303	0	0	0.00842036076670347	0	0.963150750744762	0.354646605527313
E16T2	0.0175337646487158	0.0301016151329672	0.0203628232668802	0.18149721843209	0.0105078930091837	0.0186721077254157	0.0708890919220195	0.0214260934199881	0.0134543443513091	0	0.0442930115458309	0	0.0103508173789186	0.0203001887035609	0.361882230931338	0.0381979585888544	0	0.0602542245087381	0.0123773456794595	0.0621453366152739	0	0.00575393413945603	0	0.985844343688252	0.17029340064626
E16T3	0.0220366456846082	0.0277753079156338	0.0433706640070052	0.214748693439334	0.0270309550948116	0.0281242688402738	0	0.0258758047935874	0.0195326799630119	0.0611600259261889	0.0283443223345189	0	0.0341151944604056	0.0144265134490141	0.216491764073554	0.077535390900046	0.0178915559961506	0.0413784742800492	0.0176013917189574	0.0224670302959828	0.0500336686723423	0.0100596481545238	0	0.967671708029504	0.386851334169131
E17T1	0.0825704212868031	0.0264360595829524	0.102257544086631	0.140582156208262	0.0935651004682961	0.0371366835402458	0.0684545007182154	0.0329974872643519	0.00509111340675621	0	0.0476677543909675	0	0	0.0116274476033045	0.133926407022779	0.0406458327186813	0.0768105954160069	0.0183706488865851	0.0571189132108163	0.0184628975756727	0	0.00627843661267349	0	0.957472004204336	0.331958846153015
E17T2	0.154922765574108	0.037065094756884	0.0642788210711463	0.0936815821133119	0.0366989373806121	0.0130095291785507	0	0.00902956750490084	0.0217299139846656	0.0359869881460387	0.0310439130621514	0.00100240821244066	0.0104167212588749	0	0.2124973348315	0.0838560624699066	0.092572283067243	0.0308239357160779	0.0492613989134679	0.0100934503049173	0.00550032714295304	0.00652896531024926	0	0.865757266309612	0.510674824169976
E17T3	0.0360610067085868	0.0280926789574186	0.0549809112343212	0.111140581102545	0.0218787715656781	0.0171629107570944	0	0.0177625816860115	0.0139418058245983	0.100731590616426	0.0345818074293163	0.00112571396443522	0.0179984556650723	0.00676882804651143	0.339293072617944	0.059100260349489	0.0166795841609732	0.0305097665492333	0.0320990680605402	0.0329378955637448	0.0257971842419853	0.00135552489807584	0	0.91742810840689	0.401942281607523
E32T1	0.0192138337945133	0.0400091308643517	0.0512089280821965	0.129433147374925	0.0589182858012319	0.0467901982945851	0	0.021819397183872	0.0340550764635885	0.114759464208796	0.0278871731509208	0	0.0299443113663414	0.00918277979288577	0.169147588088231	0.0816393788161825	0.0630706825818746	0.0430322310588271	0.0154065493464457	0.0326369132852554	0	0.0118449304449751	0	0.953123109964574	0.393326822517419
E32T2	0.0182343913491046	0.0521338344511468	0.0743119810814891	0.173257611081793	0.0518831968584006	0.0299375364589516	0	0.0179259340790595	0.0192306863106556	0.09660689267779	0.0369878451189832	0	0.0297630279905903	0.0337447454822079	0.0714110799802738	0.0820714841603356	0.0756035850480336	0	0.0419812446687551	0.00590594465298885	0.0890089785494404	0	0	0.893650360415588	0.541102804225185
E32T3	0.00797542896217203	0.0236173825976583	0.0206040172729973	0.135653678424958	0.0529208939227168	0.128171943410412	0	0.0174124651256339	0.0428954987628777	0.141572368656709	0.023861134674366	0	0.0779166864838118	0.0402966925270274	0.0171981399758937	0.0848674937186575	0.0624170880404451	0	0.0231192670267309	0.0494053442075665	0.0500944762093664	0	0	0.606656827619755	0.800031444609135
E40T1	0.0219796633970936	0.0641674217335092	0.0371962655450339	0.103192679591632	0.0647887461477452	0.0110988072863955	0.457355651783811	0.0231460157687603	0.0132588649829643	0	0.0276052894733367	0	0.00401408445133419	0.0223637211216897	0.0559502218552125	0.0720150692210598	0	0.0109868402434335	0	0	0	0.0108806573969881	0	0.971699148856847	0.377931715028917
E40T2	0.00632400302575564	0.0296007604432692	0.0233215304804312	0.143491511770883	0.0527005983114871	0.0211691962743022	0.0155086348234756	0.0198808513721464	0.0218235733413091	0.031358964714092	0.0555519574052011	0	0.0388835015093265	0.0214540383031257	0.364390378573797	0.0583246586554312	0	0.04665397346613	0.00387128242260402	0.0386283159116003	0.00377079089107756	0.00329147830455495	0	0.963298560777931	0.291404099876013
E40T3	0.0905978217389389	0.045681248871687	0.0811687460116753	0.0465184507920914	0.0865843982780434	0.0338157655037885	0	0.0171544513224549	0.0235392436055592	0.104778097293905	0.0367037119881387	0	0.0331737764131142	0.0148470101951606	0.234155459178514	0.0606988639010519	0.0240312476008089	0.0224239145224324	0.00574220070195131	0.019398425015896	0.011347520432544	0.00763964663224432	0	0.96638648345936	0.4094725115458
E41T1	0.0107318567846195	0.0205665678851596	0.0355952897783677	0.0844271819510546	0.0731916703400977	0.0409798005831015	0.194884805652819	0.024935064765455	0.0497722478560877	0	0.0581366095933478	0	0.0243358712521731	0.0223854770687674	0.23986348515423	0.0600993369040823	0	0.0294637604432443	0.000192065687107447	0.0195635669181582	0	0.0108753413821277	0	0.959865110071817	0.281669140933083
E41T2	0.0115281176662676	0.0335984369562242	0.00837371863644884	0.122999311147392	0.0436780345070029	0.0245635663528454	0.133973119081924	0.0469398361256885	0.0623050980477621	0.0362779936278505	0.0518700344334507	0	0.0263871033701316	0.0168887215694491	0.207192190224446	0.0491206990025175	0	0.0305865713820765	0.00814572458368428	0.077390636841243	0	0.00818108644359499	0	0.967872066050752	0.259903895836729
E41T3	0.0283766003814334	0.0422948113294449	0.0516619667973308	0.160464850495804	0.0216412725586858	0.0567970524607925	0.0124921506948178	0.0583833669227844	0.0487836182256553	0.0569161747904078	0.073042119374438	0	0.018841260793069	0.000766842313024739	0.22256655302901	0.0473750095222138	0	0.0488538709363943	0.0300977249516249	0	0	0.0206447544230689	0	0.933140673455376	0.486063224853967
G01T1	0.00952749394030538	0.0485631969697518	0.0342955773587382	0.0394565726085531	0.0495586117777728	0.0527790298124793	0.292166015429519	0.0368959854789433	0.0248957226260176	0	0.0319922188343708	0	0.000889593971275183	0.0509187843657046	0.245901019683955	0.0409683464592151	0	0.00986788493217738	0.000341865703981409	0.0246633863953262	0	0.00631869365191381	0	0.977164678204833	0.290827447655959
G01T2	0.00455934306899992	0.0497660163944056	0.00733841157341107	0.104221150976469	0.0503743755871351	0.063394231407448	0.0993025456875624	0.0371618054878119	0.0683463518561752	0.158157654099659	0.0238855252546043	0	0.0163238276060012	0.0347986883258825	0.109545702827186	0.071208529656262	0	0.0173703451263076	0.0149523722944351	0.0357579741615151	0.0176941285008441	0.0158410201078856	0	0.9416684127411	0.413673869195202
G01T3	0.0468659998780083	0.0588010544452903	0.0205868183187278	0.151948025217191	0.0625840455039325	0.0987874385014786	0	0.0496179043140759	0.0437144329574312	0.165484391500729	0.0240233012294531	0.00905387755434345	0.00911766102041467	0.0563410796626206	0.0134287870793216	0.0516612098685804	0.00710085505183112	0.00466317711030875	0	0.0453536813778974	0.0690466480347288	0.0118196113736352	0	0.947212070863788	0.640173817029782
G07T1	0.0164507212646608	0.0267628238224732	0.0626344964201494	0.136726227648152	0.0922932216125491	0.0399293228211707	0.193254885226123	0.0828264504681316	0.0175906514128638	0	0.037180172629	0	0.00428001286571931	0.0387785409562792	0.209275049553716	0.0287904228658064	0	0.00293535666191144	0.000496142346044241	0	0.000580653893645001	0.00921484753160447	0	0.981844538677952	0.201275301410797
G07T2	0.0173348978030312	0.0566438079036881	0.052105183543657	0.171423335515648	0.0831048658817828	0.029876647714325	0	0.109748224290327	0.0045708436380546	0	0.0510561994364904	0	0.0238049286874949	0.0654565922490618	0.156742602713288	0.03702793044377	0.0259561267541321	0	0.0492155955676432	0.0380428090727532	0.0275443985901156	0.000345010194736652	0	0.974569547065315	0.44339721442041
G07T3	0.0154639815372177	0.0516937587847547	0.0377524534178575	0.130485940319781	0.103342409500078	0.051167618849901	0	0.107590035446174	0.00654876847686292	0.0279766304865631	0.0486155756289183	0	0.0258490532776318	0.0756988918118501	0.122670311031971	0.0275364465642667	0.0277456365185389	0	0.057788812730177	0.0467062744199808	0.0339791017199187	0.00138829947755637	0	0.962399176575435	0.479946836387696
G11T1	0.0182616019308981	0.0421417626633655	0.0638521263211764	0.134896712496025	0.057182483204072	0.0326587640370883	0.249066609354308	0.0295865625348162	0.00461081679525588	0	0.0690388627234261	0	0.00543480382360998	0.0293692145626014	0.178620241479396	0.0228458638177371	0	0.0240509860840403	0.00510953941658126	0.0320061447769015	0	0.00126690397870121	0	0.979519056549321	0.211031367640794
G11T2	0.0872910686035676	0.0315479842573458	0.0862478140292162	0.122356832989478	0.0515708620011039	0.0408865840389122	0	0.0561397420627584	0.00577634690026673	0	0.0507714732371046	0	0.00863948575396993	0.0197214970816898	0.257615241896613	0.0196055948564652	0.0766125276802628	0.0100662743925313	0.0649042574309169	0.00991382201636935	0	0.000332590771428245	0	0.9869479854949	0.241204870138076
G11T3	0.0412352657264255	0.0485541875898587	0.0498866077683553	0.102862989514432	0.0655048362910943	0.0697536067446575	0	0.0429865165895427	0.0276058169300356	0.0465681132998444	0.0280422154917454	0	0.0384027770895683	0.0197738360026177	0.0751058858285545	0.0508313368460754	0.144480728037709	0.0126684968834829	0.0648975780131121	0.0385828369123961	0.0268659052890776	0.00539046315141431	0	0.933427021973175	0.403754810079945
G12T1	0.0142719689252339	0.0386870439001409	0.0650545470775751	0.0594862166269562	0.0664380970431166	0.0131341230053951	0.392889494681864	0.0176657082600175	0.009244833443846	0	0.061993540124139	0	0.0215857598830261	0.00153763776944854	0.126268258211111	0.026263294889134	0.00379829641444816	0.00477520848294564	0.0073921362800377	0.0598460733362083	0	0.00966776164535588	0	0.974990537060142	0.399991730605201
G12T2	0.0242046846575459	0.0362191875325831	0.00368373693463334	0.147160391153486	0.0410643048468885	0.0222737747913046	0.0673434731636839	0.0110594139711636	0.00327479229854803	0	0.038606281168497	0	0.0179799367462105	0.0256992507957021	0.338452677720613	0.0131585122643811	0	0.0376362330470956	0.0139299584311887	0.156272523395487	0	0.00198086708098868	0	0.977581615239358	0.235231059240008
G12T3	0.00773940004792868	0.0504961746253482	0.00632942325218123	0.284936972718699	0.0983994846022916	0.0406808174148046	0	0.0288540671703158	0.0308859865672459	0	0.00794710466259515	0	0.0393705327175427	0.0268580106740216	0.21738376746783	0.0375421021802241	0.0213540103149102	0	0.024599817351859	0.0766223282322012	0	0	0	0.98773115719928	0.257939674223772
G26T1	0.00795298908745496	0.0407552522602881	0.00471748354176164	0.0478612784579533	0.0243049435389239	0.0107490343634607	0.110548595743939	0.0118821492215411	0	0	0.0123677509985169	0	0.0145545714829482	0.0215898717290027	0.485904636641668	0.0194034266555552	0	0.0507158280133529	0.0804973218047834	0.0489876954363477	0	0.00720717102250162	0	0.968512177026382	0.397501949099884
G26T2	0.0179465863928428	0.0339108215917895	0.063082228298982	0.0536664839281319	0.0157624062946417	0.0260132573452957	0	0.0230841016745893	0.00834703592701733	0	0.0295103678639053	0	0.0208196233456321	0	0.308797764697207	0.0397773058988031	0.18367437839938	0.0229029218488827	0.13951082647301	0	0	0.0131938900198895	0	0.970150113335149	0.312907991961874
G26T3	0.0211420643462325	0.0397932303167477	0.0678783470134711	0.0605769374923933	0.0163782417840352	0.0315103497649553	0	0.0229571299428605	0.0195617460092757	0.0228277553559959	0.0467007528531333	0	0.0254864365077094	0.00997527618140285	0.17491749130521	0.0651104297644171	0.186732822210088	0.0134735025202837	0.155578533580656	0.00741178335299981	0	0.0119871696981328	0	0.965102240396697	0.266606428206165
G28T1	0.0108620083980043	0.046118234482283	0.0403668129777313	0.135896150080797	0.142077969849772	0.0204858710809044	0.0613102544132604	0.0317734621819755	0.0462486161110593	0.000115495776870647	0.0442120116511669	0	0.0306636726878112	0.014233899124364	0.165956680675467	0.0998360457396469	0.00478345512767052	0.0558203034667899	0	0.037919105997807	0	0.0113199501766188	0	0.970704373117281	0.409742535052921
G28T2	0.0316595208329858	0.0142823879807707	0.0848980936897297	0.134277916891096	0.122376819677773	0.0341927142856233	0	0.0366801378631489	0.0159367969815036	0.0197207275837035	0.0453656342487714	0	0.0225081802603208	0.0363227427081677	0.237508880665517	0.0398061638210391	0.0509647270322067	0.0374917591368665	0.0216550711232527	0.0061017197153886	0.00516563462977586	0.00308437087235852	0	0.969928590309996	0.356953199978486
G28T3	0.144034989236266	0.0386864224928906	0.0812844201272562	0.0950481450806709	0.118611306320744	0.0880710347841493	0	0.0233517955305458	0.012279548678819	0.0515368881182586	0.0373284122528567	0	0.027951912530013	0.0537279651403744	0.0478059112679559	0.0489531205115503	0.0544048624956884	0.043896322548186	0.0187063558000578	0.00776239518081275	0	0.0065581919029047	0	0.917336739032786	0.641359709050268
G29T1	0.0153299659564174	0.0214776355218468	0.018178632910187	0.132621873166852	0	0.0209052890520349	0.203673943836077	0.00964643455313536	0.0151844438555718	0	0.0390170439232763	0	0.000550306476042971	0.00402098209349527	0.357340546101248	0.0590559206827017	0	0.0585144506978208	0.000472125709714303	0.0285009414287216	0	0.0155094640348566	0	0.973838293920322	0.320504649914403
G29T2	0.0136014173366296	0.0363725091847826	0	0.174174603309423	0.00213280575248002	0.0390879584628028	0.032515070878057	0.0325145434981128	0.0189666796712792	0.0334785675956114	0.0210726237830489	0	0.0217094022814278	0.0121216971427297	0.358380927950112	0.0694596042459815	0.00313929647787284	0.0544683121917779	0	0.0735711917872759	0	0.00323278845059564	0	0.985147402606563	0.180641180724387
G29T3	0.0252107423008691	0.072104090651516	0.00498066485626977	0.164223003295251	0.00837772936870957	0.0624246217936502	0	0.035598068464763	0.0108128104548972	0.213501350643165	0.00596441629355557	0	0.0516654806929351	0.00425470483408782	0.119910531345515	0.0934857594042747	0.0127418928928378	0.0118210909512257	0	0.0407238426877889	0.0621991990686899	0	0	0.97174409018488	0.445258155327363
G33T1	0.00295698674350742	0.0520975149123228	0.0354444600410929	0.110084070659075	0.134664350598959	0.0707564922983783	0	0.0450961123896708	0.0316681805427044	0.116995013072384	0.037926322575016	0	0.0221596302500167	0.0169413743477093	0.145545003389879	0.0801267372112512	0.0029757269966142	0.0395294145742522	0.0017939158134192	0.0259087374189629	0.0219683165127999	0.00536163965198424	0	0.948720158194547	0.524582217369041
G33T2	0.0115405957200028	0.084255617675329	0.0976749629325027	0.198135464354298	0.0986293098254685	0.0275127848051531	0	0.0687709918349734	0.00784705588047859	0.0258849582958061	0.0291873545619192	0.00700007855217783	0.00471164450226794	0.0325315137679344	0.179816913642232	0.0139018374211868	0.0290302185508063	0	0.0527346603252422	0	0.0308340373522208	0	0	0.967573406242332	0.421914333938967
G33T3	0.00967510356746326	0.0413141289080439	0.0208324032996981	0.163615349263124	0.0997607634509508	0.0404002178734774	0	0.0310834729228786	0.051725021138073	0.142123533641225	0.0227882609422506	0	0.0458003658782857	0.0340523536483921	0.068771198401633	0.0515334193048768	0.0182907995541474	0	0.0237636194667964	0.0580266295800173	0.0691690066693171	0.00727435248934967	0	0.947486920737544	0.508889467318914
G35T1	0.00131779591539555	0.0117840641297336	0.0475372702115033	0.0839000607974489	0.0814197114263407	0.0363631529743335	0.136961813778847	0.0235852067737309	0.00973623440885882	0	0.0787372694874209	0	0.0104977946552328	0.031865209352465	0.328438839228559	0.0674186334023016	0	0.0194226643653509	0	0.0260589859837671	0	0.00495529310871022	0	0.968600167379483	0.251116456174233
G35T2	0.00546177890371425	0.028881853250872	0.0717481997404986	0.0818751576430534	0.0913201262290573	0.0546286646981481	0.0125011528674667	0.0426023313716542	0.00599951011699293	0	0.0755305812219215	0.0078767172281698	0.026516947402652	0.0122048182099903	0.344798605404787	0.0295255202292224	0.0145044346741575	0.0616615014293524	0.0181348742668607	0.0108044878541331	0	0.00342273725729639	0	0.971845756506297	0.309425898640792
G35T3	0.0702481627543872	0.0115556977869108	0.0730357855945086	0.12667636673926	0.065717218532809	0.0610281354195367	0	0.0179822157421603	0.0192574729640466	0	0.0832072517292884	0	0.0206341846096765	0.0152982803190691	0.179115841707432	0.024906647249197	0.126302186288281	0.0165003734097868	0.0689654104680086	0.0128434832370291	0	0.0067252854486115	0	0.956019302903465	0.325288178956591
G42T1	0.0134356959692934	0.0269255410261003	0.0310550244343876	0.134234443813331	0.0646947986420081	0.0132478963097188	0.0236219200278689	0.0407721352299254	0.0132752753619487	0.019450664871201	0.0377502569791849	0	0.0188223020974138	0.0249024773500884	0.339223341946138	0.0602522654630343	0.000828187399821462	0.0686636261591976	0.00336564872428082	0.059730856452633	0	0.00574764174242429	0	0.983921028047489	0.225301633463693
G42T2	0.00681173705866359	0.0258519309718999	0.0406496144059203	0.164180141993014	0.074755477267378	0.0201085325131829	0	0.0438652629194321	0.00540059375164267	0.0837030770455467	0.0474449534400622	0	0.0242672851247658	0.0167814990735147	0.281922498366855	0.0595578171004674	0.031655403517027	0.0213246749871846	0.0114608612465176	0.0372622772879291	0.00126490419375459	0.00173145773524208	0	0.967527617975684	0.293587546801813
G42T3	0.0141147401342051	0.0441094609106242	0.0366257540352272	0.139237283774947	0.0459422084393611	0.0360340588088048	0	0.0322639477520278	0.0324897406257049	0.0521804100874248	0.049568666265881	0	0.0266512615660499	0.032174037537284	0.124614263299319	0.0522137738566628	0.052708128672493	0.0196753031869862	0.0674448281267492	0.0673732566530119	0.0739918806878255	0.000586995579410439	0	0.897233307170068	0.491982048970373
G43T1	0.0105094692579568	0.051031654651673	0.0283766573701292	0.0721826566873003	0.0714494904928057	0.00300348268380039	0.291406754208887	0.0172133020196197	0.00237405984758238	0	0.0424491954327857	0	0	0.0347834655768141	0.281784338495697	0.0397616743750899	0	0.0114027569482617	0.00194235071008346	0.0363433155528307	0	0.00398537568868227	0	0.983109035236079	0.347271135344271
G43T2	0.0149209130688983	0.0225114287241914	0.0301897483488904	0.128129174140711	0.064538653118715	0.0238208929452721	0.0345491226089919	0.0206914291133948	0.00679026803059317	0	0.0430529423725754	0	0.0105360344090286	0.041370847829492	0.405309393229545	0.0474124724360727	0.00394112168628849	0.021999645011712	0.029957344829703	0.0502785680959252	0	0	0	0.98015566896342	0.200520502144465
G43T3	0.0196674129340064	0.0460806170678431	0.0387119783606244	0.105684336290646	0.064410076564822	0.0447800654956809	0	0.0209860906501331	0	0	0.0429053209563486	0	0.0133695390597062	0.0302512245709194	0.36607938498559	0.0521095389857137	0.0912566074745995	0.00115870031900633	0.0519986464606514	0.00181124580821999	0	0.0087392140154882	0	0.980504415920568	0.198268449615659
G44T1	0.0124301982931842	0.0423900034692248	0.0550320571417052	0.137607293309329	0.0830990261418713	0.0176796623494628	0.17519595702034	0.014714580402475	0.00508545659631352	0	0.0722758520879802	0	0.00723340316038519	0.0395881266037939	0.267088431632312	0.0532389746731426	0	0	0	0.0158511310710835	0	0.00148984604739653	0	0.975736261674056	0.221215876716911
G44T2	0.0127626583892911	0.053539956359477	0.0608993190686057	0.153688542575927	0.0646405314436027	0.0528342132766475	0	0.0374676168442163	0.0118619761172554	0.0384363393902275	0.0596922789166662	0.0157626239923557	0.0245409818888071	0.0143590268489782	0.191342520010445	0.0631969254218809	0.0642211254867278	0	0.0250655418368071	0.014388962541108	0.0412988595909733	0	0	0.948952939004974	0.409851530017585
G44T3	0.0948124006273499	0.0535522841740664	0.026746682872736	0.0692329404023753	0.127484577858576	0.0101171679237472	0	0.0164508750185768	0.0415601448033617	0.089664325408649	0.0323012113695242	0.000519110228439203	0.0356787911833121	0.0355313333902501	0.13205121405416	0.0605552884134976	0.0636977543418178	0	0.0292025417442716	0.0425827785700594	0.0298583959464142	0.00840018166881526	0	0.861040327783539	0.550991765546688
G45T1	0.0129878077366473	0.0536078486598674	0.0477663276126485	0.199584298558069	0.0473960119409689	0	0.0891495255611198	0.019964408719885	0.00943315076468192	0	0.061837030498103	0	0.00541867907662854	0.0311322167283723	0.350909915815721	0.0499783161132901	0	0.000591714615282452	0	0.0186680313550419	0	0.001574716243673	0	0.982943000220431	0.186642177239568
G45T2	0.046302989480534	0.0414427914952908	0.0791210272762107	0.195326623521248	0.0486756655533288	0.00838985544605213	0	0.0327429139829406	0.00243974621643317	0	0.053373604006204	0.00332777503209741	0.0125531650495743	0.0108982745097009	0.229476131031854	0.0273849011033955	0.113198819311724	0	0.0659480905629498	0.0255358799655891	0	0.003861746454873	0	0.958186146307877	0.289588265579948
G45T3	0.0101972810167001	0.0533563535878443	0.0746594969907975	0.137290997143043	0.0615484658782208	0.0373306292056383	0	0.0317405881955829	0.00843151266043597	0	0.0354156189208588	0	0.0404983558779917	0.028511118314088	0.168267458650962	0.0413798248419596	0.168256326856078	0	0.097136650488632	0	0.000546175691511875	0.00543314567965582	0	0.955574258052801	0.29745097304154
G47T1	0.0123563536976941	0.0369226802337162	0.0323729079890786	0.0764615803493278	0.0310546582777953	0.00690882917284658	0.220330356449246	0.00650124945609684	0.00319468036774819	0	0.0485801987229825	0	0	0.033095336881225	0.314611123180346	0.051839736225481	0	0.0657335441781213	0.02193010290986	0.0322849886949159	0	0.00582167321351834	0	0.97050982398381	0.315664048125636
G47T2	0.0432050800847896	0.018737781541991	0.0560961844321744	0.149698084341214	0.0406116111747082	0.0354966742950398	0.0592805188813378	0.0269478723897821	0	0	0.0650685461703429	0	0.00769989633211722	0.0202704189061108	0.289521709449277	0.0526070944105603	0.0504217889815691	0.0276516089455388	0.0286399927214502	0.0273398336962763	0	0.000705303245719778	0	0.97648145667479	0.222154300862236
G47T3	0.0348660862685692	0	0.0879492256457696	0.119051429459457	0.0603629085175843	0.0418456063900564	0	0.0228404324351527	0	0.0190321529031547	0.0523731725011982	0	0.0163268698324621	0.00723794862745929	0.319016562321482	0.0549469497137746	0.0910585409802367	0.0056641152514135	0.060521248744163	0	0	0.00690675040806688	0	0.972823788019677	0.235411704238695
G49T1	0.00943182194407079	0.034435737650618	0.082698696827259	0.187460566731578	0.018747529846524	0.00239857061392136	0.288053187200815	0.014975807358704	0.00510300692466981	0	0.0410688972052473	0	0	0.0257236343402994	0.239312367559065	0.0364431834957324	0	0.0103758840777203	0.000306039979293696	0	0	0.00346506824448199	0	0.975614634656481	0.31039452535271
G49T2	0.0139221258097005	0.0819608237530642	0.0562530098392854	0.188741872367515	0.0387199218320789	0.0616449081919336	0.0202457238003816	0.0337697617769084	0.00283296294962555	0	0.0536425649767335	0.00123011040246165	0.0130905446676811	0.0432856505114778	0.322846766581841	0.0221901309479064	0	0.0198906764190509	0.00617645966136441	0.0137832311399463	0	0.00577275437104413	0	0.981450328914745	0.296752804411971
G49T3	0.0178661050247154	0.063557073874568	0.0636840295474263	0.212224787480113	0.0843999701268726	0.0572642206819913	0	0.0268636443094696	0.00684763991143998	0	0.0566416474709176	0	0.0195512490988169	0.0329550925853671	0.292681855210131	0.0214126074277814	0.0158200634331352	0	0.00448124008861472	0.0172425364510291	0	0.00650623727761068	0	0.968326055320447	0.344156245892784
E25T1	0.00893550254083886	0.0586241342379	0.0667843920017141	0.131736502324958	0.095017078451908	0.0227586263046024	0	0.0216684320044763	0.0380621976294682	0	0.0846573751928537	0.0174056265466302	0.00936645874342909	0.0198671009812609	0.261284876626274	0.0570757696709617	0.015424219247788	0.0517039402099842	0.00837138566610506	0.0191062004406965	0	0.0121501811781507	0	0.767228338562323	0.653312055497256
E25T2	0.00397983644378304	0	0.0652753195150313	0.130474151187269	0.060718921233391	0.0547190939284654	0	0.00802876910736568	0.045898260171966	0.0193218660699246	0.0969914866748141	0	0.00433821173151008	0.0114037252474558	0.296648044133282	0.135307133142729	0	0.0437225035670925	0	0.0108085590286332	0	0.0123641188172878	0	0.613148755128128	0.790994922670297
E25T3	0.000197512346918717	0.0240482430623469	0.0948553600324315	0.161896814445117	0.0291191054942382	0.0624449232643503	0	0.0281209499013336	0.0275962777182917	0.0973751479286738	0.0794969447692904	0.0170903892479912	0.025538102082246	0.0255422178193143	0.164527420644367	0.0803657920254638	0.0315084743739151	0.0150465915402155	0	0.0263453815993462	0	0.00888435170414903	0	0.629467694359134	0.77801025903047
E31T1	0.00655918461843381	0.0319338071110545	0.0244780145782394	0.120781814168185	0.0591535943620403	0.040425518187776	0	0.0490378963537316	0.0494571551010811	0.012723813294791	0.0251920830621009	0	0.0311579508708255	0.0341917921934258	0.423115370325303	0.0492475662149768	0.00437320202495073	8.31568354674267e-06	0.000575973716789675	0.0339670844062736	0.00132704486256927	0.00229281886390521	0	0.965355622801883	0.272954930519397
E31T2	0.00259885057217009	0.0281295697027434	0.0399477497156234	0.162210509786396	0.13028276341851	0.0911298864818281	0	0.0583176797528567	0.0335199644411864	0.0545689328812217	0.0250728721064819	0	0.0397924502327023	0.0360362027168546	0.216043526260417	0.0644408315394979	0.00899428729147279	0	0	0	0	0.00891392310003722	0	0.973037721844257	0.442764618693023
E31T3	0.0203640909525795	0.0578923596822862	0.0693592455476594	0.184559235969923	0.124573918085459	0.0434305382812452	0	0.048514922348204	0.00852950530190358	0	0.0390836240998534	0.00195168750852554	0.0234548199052985	0.0266776157665732	0.239129141425834	0.0602565783623447	0.0347234802193014	0.00614201060717668	0.00105055344887206	0.00587187748360616	0	0.0044347950033541	0	0.976557450472785	0.377246560091682
G03T1	0.00857739627877854	0.0639296075323635	0.0217817072131885	0.260472555003439	0.0519602093457033	0.017583134998324	0	0.0226709354025702	0.0636663896892514	0.18842469854868	0.0221611928095535	0.00171941101496792	0.0347895919661891	0.00704482580090594	0.0415482390664945	0.0450428603128771	0.00214299075128742	0	0.00188981319992965	0.0527340776008435	0.0863076403097582	0.00555272315489538	0	0.897073948084289	0.575947523270489
G03T2	0.00629962518496416	0.0502996917342778	0.038821716174038	0.125601187351429	0.0961265067866554	0.0328846314389897	0	0.0194111486926168	0.0381703499598672	0.225819271459299	0.0364981856331539	0.00987898546515233	0.0369245523186172	0.016848854181346	0.0290395455311508	0.0397806035049898	0.00394044247381573	0.00492128509198486	0.00680327820652821	0.0679882875735196	0.109279052458543	0.00466279877906079	0	0.892540442377531	0.598687701268697
G03T3	0.0543229245439036	0.0679585124020762	0.0476046580484143	0.116175455377325	0.0582102782576979	0.104899807591236	0	0.0182513828912025	0.035856916803595	0.185530461188495	0.0286999006468067	0	0.044446602951177	0.00609332298634073	0	0.0532719651242296	0.0113006983327099	0.00142104057984771	0.0128845732802816	0.0397761676089372	0.105172699933765	0.00812263145195898	0	0.793667413270265	0.73282151834248
G10T1	0.00937827478939051	0.115376392408418	0.0183611813722603	0.205403205594664	0.0340281242563198	0.0963097413626612	0	0.0533410044232008	0.0259660839891702	0.0402069031418425	0.0123167061719419	0.0134062784065647	0.0149783896355486	0.0785175749607704	0.129253031936121	0.0153679042097129	0.0146760468021664	0.00794651804091244	0.00351536409487238	0.0505161846775261	0.0611350897259369	0	0	0.950351364362838	0.526390120900459
G10T2	0.0168639243254506	0.0918055649131858	0.0195088363113973	0.212754090472849	0.0359575516193296	0.123402657504405	0	0.0416422126938528	0.0420056684534219	0.0882354608498356	0.0109238688714951	0.0405196281580844	0.0236727784203423	0.049552512239844	0.0894056993459883	0.0300575673531715	0.00272802683526241	0.0381944331841374	0	0.0273054279561338	0.0102407777104515	0.00522331278136119	0	0.972993812752955	0.584002492954059
G10T3	0.0154111643366776	0.122063823933682	0.0371412464129835	0.115451161189646	0.0564508012664034	0.142528149264803	0	0.051115561275478	0.0199936420382642	0.0888617254391126	0.018183205432337	0.0494325376487476	0.0251678621185133	0.0716290032405674	0.0296969813031245	0.0404361044948571	0.00442305749596657	0.0245943112576307	0.000969597230202696	0.00843306703275022	0.0777873792481867	0.000229618340066827	0	0.936612392631992	0.744652081256682
G14T1	0.00262250220031844	0.048957842113441	0.032990349084316	0.12806463597737	0.0473243727280025	0.0653260918469268	0	0.0538667751123094	0.0423716593443396	0.0333319510538849	0.0319479361931616	0	0.0408772768235955	0.0492790003589013	0.287759979612048	0.019633992430581	0.00388779108875127	0.0172477452428269	0.00134614736931959	0.0459838178526203	0.0446935644624263	0.00248656910486006	0	0.973226562806435	0.357454182954588
G14T2	0.00292903225012298	0.036670435896313	0.0625669300418259	0.21491488222593	0.0691993746082211	0.0578180332890978	0	0.0530372151657458	0.0205944193572833	0	0.0452500699459011	0	0.0386125031663831	0.0624986150293425	0.284129738498425	0.0113368174393652	0.00388209571311216	0.00283623461867292	0.00112567716812534	0.0188400650208879	0.0137578605652454	0	0	0.975347514425772	0.363206794253229
G14T3	0.0761739428103811	0.0262396975162911	0.0337182347990213	0.107198369663094	0.0894975898972261	0.044471475392534	0	0.0256930603800242	0.0287969641635418	0	0.0467263372123574	0	0.0333779760781266	0.0398872916967458	0.356882738445151	0.00663249650283635	0.00753263456407877	0.00448135259130813	0.0235483625888913	0.0256680073806664	0.0193543136705572	0.00411915464716768	0	0.968045030728689	0.305127150072126
G16T1	0.0129101203707599	0.0411024057010907	0.0885187780796106	0.136653328215913	0.140549086027322	0.0547694066610748	0	0.0291840649471614	0.0259230891700981	0	0.0485024672909853	0	0.0132559442521377	0.0609047731162817	0.228091683836175	0.0138847815371079	0.0264726288732288	0.0258198960561546	0.0138573415793663	0.0269139364736717	0	0.0126862678118601	0	0.897615643812497	0.50577636912469
G16T2	0.00647385331948679	0.0169217240184442	0.0524497253082766	0.121140889294682	0.0825804372051226	0.0216686364142776	0	0.0237422085862549	0.029823593200748	0.0556604397487209	0.0461657106040395	0	0.0147248707331761	0.0496797846927123	0.321158486969455	0.0311495319504418	0.0156192359724511	0.0433522656013834	0.00692056430883152	0.0434881330775755	0.00397307512810099	0.0133068338658198	0	0.966846485188013	0.30168718993217
G16T3	0.0162338631619013	0.00602634723202786	0.0751853511584377	0.136450326127026	0.0924549635775145	0.0349762651593288	0	0.0212554114168848	0.0172492037071034	0.0734211528348503	0.0454558334388622	0	0.0111006638700231	0.0729680329410494	0.240826044365455	0.0286074558923294	0.0128008994692388	0.0533771513867726	0.0168223322634412	0.0170200233838933	0.0162346572414298	0.0115340213724311	0	0.931918025566435	0.446589560259257
G24T1	0.0083579777563282	0.0406979936543381	0.000923554076794938	0.111883901769114	0.0207543251183298	0.0589353438207055	0.0117661212833288	0.0258763124240586	0.0764005917441012	0.145303921653133	0.00849886593849213	0	0.0174160984214381	0.0153019394301409	0.20209850850843	0.0518585500279194	0	0.0942279806922418	0.00035327562781402	0.0649854370828358	0.0341712903537805	0.0101880106166763	0	0.950410177172544	0.41485190315713
G24T2	0.00267425685806697	0.0531581128934465	0.00692041629898198	0.134974779617092	0.0172465746524304	0.0958490381515908	0.0185900004721581	0.025696660916523	0.0529354635974617	0.19487371982144	0.021196220350553	0	0.0380596804639963	0.0199093927551605	0.116175809615361	0.0932696978729322	0	0.0563244747339388	0	0.0323435640106673	0.00362147146458126	0.0161806654536173	0	0.957743399440092	0.497222418278651
G24T3	0.113460651709618	0.0435311141641975	0.0220638710917769	0.129520271173281	0.0782763433679681	0.161949338268313	0	0.0253590711747004	0.0248722001596984	0.0993122381012931	0.00389680686359052	0	0.0506561334289601	0.0554510912097067	0	0.0463608771421161	0.0220711540325095	0.038176087230745	0	0.017851411734961	0.0467252520181527	0.0204660871284116	0	0.85783506175889	0.751197606089094
G32T1	0.0121195416400401	0.0536015938620884	0.0638943681489779	0.198931582515441	0.071567043250221	0.0324675976185625	0	0.0262400610603647	0.0382821207283842	0.0356115725951921	0.0336815920840693	0.00928489995652379	0.0219689069032867	0.0615539751170457	0.167121903379478	0.034172072321039	0.00275089947853102	0	0.0179228066609518	0.048343932912427	0.0704835297673757	0	0	0.834048780020888	0.606424877961674
G32T2	0.00407654361501065	0.0914250971827052	0.0648070287818666	0.124662426159245	0.0578548441097046	0.0217773177374251	0	0.0142878467877609	0.0161693918447939	0.0834148308555189	0.0254810391510799	0	0.109306231278505	0.136016764943761	0.0553393470252007	0.0707835356199265	0.00648521158995778	0.0286838301247768	0	0.041723563677096	0.0453103222242174	0.00239482729144805	0	0.73458219814061	0.774206158712784
G32T3	0.00853527781182577	0.0483955391917972	0.103682523415459	0.183864048252753	0.0843750241866085	0.0155029577878147	0	0.033756334338637	0.0120608923994203	0.0183515483853795	0.0519802596070312	0.0328572415843129	0.0219196503663369	0.099913115196248	0.154026335655686	0.0419045539526081	0.0125516929151784	0	0.0292859701857012	0.00897304002008937	0.0380639947471129	0	0	0.855084279294672	0.618818198219908
G46T1	0.00790413829888984	0.0259999917350324	0.0315978868603841	0.0756220604122889	0.105749655594396	0.0236567725498571	0	0.0234473742432196	0.0464145215409483	0.092649582460777	0.0324221274069384	0	0.0163472794712583	0.0254308697795948	0.329359702733317	0.0631598297019048	0.0117318021149173	0.0410738291529822	0	0.0196756299881206	0.0196450344097251	0.0081119115454482	0	0.947364402995588	0.358070400858601
G46T2	0.0129014347240231	0.0160009291030609	0.0461014780756026	0.113127594625169	0.0740282046989481	0.0215965443707324	0	0.0212157540224717	0.00907747166197395	0.00990161277580685	0.0430959532220876	0	0.0213116508184129	0.0374535496429688	0.49696272439623	0.0348356413350636	0.00381179847631807	0.0298556565112504	0.00168129154839094	0	0	0.0070407099914889	0	0.971330030331551	0.239814103227153
G46T3	0.00922062265468788	0.0195339625063801	0.0400114618581787	0.108726791151793	0.140033071416016	0.0295867654130831	0	0.0269241078574821	0.0324558370334696	0.00628402111756954	0.050025714735384	0	0.0240655599903979	0.030815571943682	0.337445751668267	0.0441681540230554	0.0187992674713495	0.0392247379396672	0.0151140300297436	0.0149483921004949	0	0.0126161790892995	0	0.93357549529355	0.387535755942905
G48T1	0.0129869213024348	0.0265641045388702	0.0528771587411496	0.147236086653003	0.102628225233385	0.0458794471610445	0.00739947474725483	0.0457524415049814	0.0270660007908413	0	0.0691897329568513	0.0110312956118358	0.00561408689304699	0.0386611233486203	0.31846409170587	0.0402289118563269	0.00190240367589706	0.0167387480413693	0.0088454844957347	0.010241314028756	0	0.0106929467127273	0	0.935177427893014	0.413188990650494
G48T2	0.00294010952360917	0.0111964665393733	0.0946956020816357	0.166857297301286	0.0772871629617889	0.101422663697528	0	0.0745740154456246	0.0121106920099271	0.0211906417093204	0.0977919406605303	0	0.00883200729441274	0.044658961841706	0.21809070807574	0.0255482799967941	0.0427498543318327	0	0	0	0	5.35965288908207e-05	0	0.836303451405242	0.587758467252936
G48T3	0.0228003347536429	0.0224977198960814	0.061282702957799	0.129730875457065	0.0699794339838771	0.127828097886882	0	0.0584799017527019	0.0203414969580924	0.0668160763554293	0.0429721998687684	0	0.0306710417155643	0.0585102973223621	0.106264909520185	0.0430913622148217	0.0377880679235597	0	0	0.0415301797330645	0.056852051668673	0.0025632500314304	0	0.68192452204317	0.75176990353153
G50T1	0.0263691279642876	0.0366574815402227	0.041915305052427	0.101913336196761	0.0877698798249822	0.0393310119051853	0	0.0182549934953112	0.0648665696357416	0.0900325963854212	0.0368355208290589	0	0.0486800264148349	0.0578150373961369	0.159682677032465	0.0583126716091263	0.00697931709082608	0.0258817483943639	0.00338822145775691	0.061362987326338	0.0212385555118368	0.0127129349369167	0	0.725333861753401	0.706845544857331
G50T2	0.0164690026654496	0.03056295475972	0.0721122958979438	0.148914893927289	0.114245583982572	0.0660572192146266	0	0.0184856743366638	0.00568746938448822	0.0746425276909038	0.0536887328947493	0	0.0198868005896012	0.0774708203386239	0.200871093091487	0.0449670971760403	0.00833491220587379	0.0033611091450728	0	0.0314969256892681	0	0.0127448870096273	0	0.830119480429395	0.59928798746624
G50T3	0.199096897908118	0.0497656064354245	0.0545206526918779	0.122265195108518	0.0974515626312848	0.0757635178778131	0	0.0218234229135639	0.0217031507258676	0.0470598019692369	0.0181269255101513	0	0.0515496072968955	0.0850232101365106	0.0419729458754074	0.021897757327849	0.0106420450378348	0.000401048440250513	0	0.032366738734706	0.0378044852563761	0.0107654281223137	0	0.810321102027589	0.754521836542859
